#1NN
0 6.5494773100200705
1 42.4348183660823
2 6.503258410118897
3 7.510479163243006
4 8.384208006558852
5 48.502129114796304
6 6.42608960977526
7 8.726500420247511
8 2.482959696720173
9 17.73997715489034
10 51.66799900348846
11 4.535101427801037
12 15.028070803872101
13 32.48570959805016
14 27.444118828085987
15 72.26165935735814
16 17.354387220021643
17 10.578283076520671
18 14.544183580582944
19 20.342653128612003
20 20.1642931242712
21 7.618223372561197
22 1.3096885454164182
23 8.461401161342387
24 16.975504280682475
25 7.840299106782014
26 38.95812946348975
27 0.2964532009951826
28 1.7466806662085577
29 14.640743789588212
30 4.078934902505405
31 4.666489396604949
32 13.584444882176783
33 4.99755062921816
34 3.1401903435152088
35 1.2450009123524775
36 2.6381969815994064
37 1.2166214431918643
38 5.328319173966955
39 0.0
averagr =  14.510230716332861
--------------------------------------
#3NN
0 11.273876194142225
1 17.93764437502843
2 7.038171124386799
3 4.55113318147536
4 0.3397767072733503
5 37.2880199721406
6 24.96427530314981
7 11.822861513673459
8 10.736448976639815
9 13.023778971994078
10 50.65229640644655
11 7.335266704387929
12 9.951031885338063
13 21.572036730949367
14 27.444118828085987
15 49.161511230304136
16 17.354387220021643
17 11.591243384554803
18 21.615409137897398
19 12.504459566425952
20 12.45286898651955
21 8.506719135362315
22 2.791191951934298
23 8.13233009883851
24 16.408010166560892
25 5.058608999382543
26 22.697974250705876
27 7.760841529895231
28 7.861848108057568
29 14.640743789588212
30 8.173990105360637
31 15.961179222474277
32 11.64841711190087
33 1.2155385170783353
34 2.6885165791097623
35 1.5775709193550538
36 2.6381969815988877
37 2.857711287938221
38 10.785342721244884
39 0.0
averagr =  13.300383696930542
--------------------------------------
#5NN
0 11.592268723198204
1 21.223789880079845
2 5.336534261713521
3 3.865017137621163
4 1.758864206385648
5 35.92966622029976
6 25.776674315499047
7 13.432103183761491
8 10.411133900818534
9 7.488388168384639
10 45.705733166251875
11 5.2031011938716984
12 11.981801247016595
13 24.384410602064694
14 25.841386369757927
15 30.911323036294778
16 18.700502782827854
17 11.921434980801026
18 16.285841200122636
19 10.9387821411291
20 13.216693192023337
21 8.860134186260881
22 4.393877663777735
23 9.641134138411923
24 18.725044208908606
25 3.651025789610895
26 27.54790828360725
27 8.526257602492102
28 8.510967868446176
29 10.077245569937915
30 11.141710531408432
31 16.71291441489985
32 12.416549425026105
33 1.097885919290077
34 2.761505625120687
35 2.605338085108166
36 2.6381969815994064
37 3.5152696348213914
38 11.969045769864584
39 9.094947017729282e-13
averagr =  12.917436540212913
--------------------------------------
#3NN weight
0 11.261627190019592
1 18.02092483092593
2 7.010011739784366
3 4.5606468630073795
4 0.42348812057501034
5 37.21654234890591
6 24.835869461958833
7 11.739854291433444
8 10.724372943773103
9 13.147202472506704
10 50.66145848589606
11 7.326040374743138
12 9.99927071625541
13 21.693405012958365
14 27.444118828085987
15 49.628581775375984
16 17.354387220476667
17 11.70197484534076
18 21.419239917455386
19 12.507629654777258
20 12.457190349373507
21 8.639112689061683
22 2.745546910038625
23 8.122881039324222
24 16.36558255864766
25 5.13919157370978
26 23.49414238494532
27 7.515232756997194
28 7.631341760125253
29 14.640743789052493
30 8.110326082744793
31 15.825713704066704
32 11.730442774995732
33 1.3098711541968544
34 2.698185844947294
35 1.6025535685028824
36 2.638196980834942
37 2.8101026778662272
38 10.220870452007446
39 9.313225746154785e-10
averagr =  13.309346903665631
--------------------------------------
#5NN weight
0 11.57639090134548
1 21.121958317497544
2 5.339448717870461
3 3.893299013202827
4 1.7856158597484464
5 35.67667663742692
6 25.689886235483247
7 13.347448109031918
8 10.405602933232231
9 7.648224805489296
10 45.75277859296122
11 5.274540798569365
12 11.991922071396402
13 24.421402080996994
14 25.857710855168442
15 31.44507479570501
16 18.694450711188527
17 11.975796419691518
18 16.299271453523104
19 11.002413331035209
20 13.202724458450275
21 8.920876891384106
22 4.297654386197354
23 9.59109633082068
24 18.67199867986251
25 3.1503496159183655
26 27.77105949615616
27 8.357777378067532
28 8.352804463963928
29 10.170247143150487
30 11.083063159512182
31 16.598332119459563
32 12.44317988214566
33 1.1288329518731544
34 2.756982204601087
35 2.573476257769679
36 2.638196980834942
37 3.5514115025284054
38 11.571099431476114
39 9.313230187045825e-10
averagr =  12.900776899391692